l1=544;
l2=575;
l3=675;
l4=90;
d1=150;
d2=40;